ExtraTrees Selected Features from Normalized:
	[0 1 3 8 10 16 17 18 24 25 27	28 29 30 31 33 34 41 42 48 49 50	64 65 66 72 73 74 82	89 90 96 97 98 104 105 106]
	[0 1 3 8 9 10 16 17 18 24 25 27 
	[0 1 2 3 5 6 13 14 20 21 22 
	[8 9 10 16 17 18 26 
	[5 6 12 13 14 20 21 22]


RandomForest Selected Features from Normalized:
	[0 1 3 8 10 16 17 18 24 25 27 28 29 30 31 33 34 41 42 48 49 50 58 64 65 66 72 73 74 82 89 90 97 98 104 105 106]
	[0 3 8 16 17 18 24 25 27 
	[0 1 2 3 5 6 13 14 20 21 22 
	[8 10 16 17 18 26 
	[5 6 12 13 14 20 21 22]


Backward Feature Selection (RFECV with LR) from Normalized:
	[0 1 3 4 5 6 7 8 13 16 17 18 20 21 24 25 27 29 32 34 41 48 49 50 56 57 58 62 63 64 68 69 72 73 74 81 82 84 85 86 87 88 89 90 91 92 93 94 95 96 97 98 99 100 101 102 103 104 105 106 107 108 109 110 111]
	[0 1 3 4 5 6 7 8 13 16 17 18 20 21 24 25 27 
	[1 4 6 13 20 21 22 
	[0 1 2 6 7 8 12 13 16 17 18 25 26 
	[0 1 2 3 4 5 6 7 8 9 10 11 12 13 14 15 16 17 18 19 20 21 22 23 24 25 26 27]


Select K Best from Normalized:
	with f_classif:
		[8 10 16 17 18 41 42 48 49 50 64 66 72 73 74 97 98 104 105 106]
		[8 10 16 17 18 
		[13 14 20 21 22  
		[8 10 16 17 18 
		[13 14 20 21 22]
	with mutual_info_classif:
		[8 10 16 17 18 33 41 42 49 50 64 65 72 73 74 97 98 104 105 106]
		[8 10 16 17 18  
		[5 13 14 21 22  
		[8  9 16 17 18 
		[13 14 20 21 22] 
        
        
Selected feature for each signal:
    Signal 1: [8,16,17,18 || 0,3,10,24,25,27]
    Siganl 2: [31,21,22 || 14,20 || 1,5,6]
    Siganl 3: [8,16,17,18 ||..||10,26]
    Siganl 4: [13,14,20,21,22 ||..||5,6,12]